0.006298972186256751,1.0,0.4464264540349693,0.1060008536517653,0.7207012673479083,0.271939404919114,0.973415644572428,0.592184216477127
0.0031318490610586247,1.0,0.933368539632294,0.3252690333839485,0.7838396549957095,0.733025741124997,0.2887589102456423,0.37351778664501306
0.003444990444781663,1.0,0.783123911649576,0.20938860983449004,0.7275145273247505,0.09586635441272345,0.5382689433475666,0.46112865278774856
0.004086673016771091,1.0,0.7381373800683884,0.17991659023355794,0.239335722330848,0.789898303186959,0.04933110156403175,0.44196174069301614
0.0024838965863725744,1.0,0.8165154006531814,0.16616207848492856,0.15832099917803494,0.015918046186071268,0.7557419717955643,0.8176861681934354
0.010632829149396263,1.0,0.5785437648561311,0.22955498720599257,0.4879477485938051,0.10612504676795916,0.8843567840482419,0.8360030404444424
0.002354211890253105,1.0,0.6364515667820855,0.09687366812145726,0.06926579796108218,0.18248974279950544,0.03165342533153314,0.6637024654115183
0.007881587220028869,1.0,0.15098358030183134,0.8445294715238322,0.6928340893141697,0.3218547143490521,0.024693257336635563,0.19192479265775308
0.005207216951264301,1.0,0.9374475123280597,0.3439396598948634,0.9971399746967582,0.5007839025692822,0.07965917142458405,0.6106519457311835
0.0028961602528808604,1.0,0.6090138329611299,0.10434741062011027,0.8038274425874965,0.8030285330317657,0.8649064434804684,0.7862556791162985
0.012111554348954928,1.0,0.866824311253957,0.5811858867128357,0.7535245429935166,0.4997729370147836,0.19000015488469338,0.9481240804368941
0.01236227948339507,1.0,0.6037771545080203,0.6750831146161588,0.6532158047120168,0.4854135105959574,0.40697471943424907,0.9162359866795734
0.006299995758039778,1.0,0.8347120741900363,0.7164606942470539,0.7668565742516665,0.2050516494269837,0.3584687068305243,0.9174765792673616
0.00426262066931991,1.0,0.20349818347240725,0.37152006023943374,0.9973379646527875,0.39275732954910497,0.09034343574903507,0.9607750154885918
0.01454299559045661,1.0,0.7399870906053561,0.7569586020472079,0.6265295884520743,0.32374830717438724,0.875868549876832,0.832244640898788
0.0057482200270536745,1.0,0.852868348890009,0.41574314042829424,0.5711163458142421,0.3496970806862271,0.3648110110234052,0.2949439283151786
0.014899833472172809,1.0,0.2118639274976505,0.9180124491330662,0.9267461691971467,0.8114176156377261,0.11339916742465053,0.5364115117038125
0.01363292896592409,1.0,0.6710492921972145,0.8050333053027389,0.3960521462467653,0.14631632848441625,0.12114094166297687,0.5476785001539407
0.0035721862088305602,1.0,0.3082321539191335,0.239900738651411,0.5821168418335777,0.24515646196077273,0.13081980546848573,0.6123685762453541
0.01307896430302457,1.0,0.5143036419700088,0.9338465209065658,0.5952515037947842,0.30301143942676784,0.07980354973886625,0.6488174532911278
0.004703802625958733,1.0,0.7989313318881567,0.3886179335450539,0.9095916496486929,0.7806795168276093,0.1797977628235253,0.27949483027593347
0.01122114278534686,1.0,0.4001752634517675,0.8526506974004049,0.6994893935377428,0.3525360530922774,0.3070470977456979,0.5063139789000427
0.015555559122110891,1.0,0.7570973812298311,0.5758194354174615,0.8002377324771532,0.7824119575311167,0.2065710985550832,0.2592523026442889
0.001837205819642438,1.0,0.8514531371151544,0.31008509529366074,0.9339225385219111,0.5085285798495557,0.17754181373210964,0.8938716495388602
0.0114962548750587,1.0,0.7611651012677247,0.6528356095182531,0.7454056555291182,0.27596212106469237,0.22482466946411975,0.24879225001181612
0.00899902140671507,1.0,0.1776507163723916,0.1638135438052721,0.9316003387350791,0.386399313632334,0.40372163386674464,0.6581452135317948
0.003020854366639065,1.0,0.9653136753791688,0.3119261532389044,0.28629011688891276,0.7095828758274895,0.17524944118572225,0.49898203389079904
0.0028684084486345343,1.0,0.7976952396033279,0.20698926335624163,0.6561816843848425,0.38963944780005955,0.9277984884768483,0.42073295716204856
0.005829685641769712,1.0,0.29154580130790275,0.14930002832927744,0.9682496225955551,0.8158857451013992,0.226198599321085,0.7563669435445247
0.014508556283675745,1.0,0.4002796111153905,0.33940286276182446,0.3714083370554135,0.2980425477641487,0.18908178656525773,0.6212697070639631
0.006711860963886064,1.0,0.1959157661866844,0.11457539946924766,0.8354115144259378,0.48848382070126894,0.6414930551317877,0.8770345204473177
0.010668635409486944,1.0,0.9282214501795235,0.5386484899233398,0.7106805639297116,0.25897527344694404,0.44892639620366415,0.2140757293784851
0.012751491225582928,1.0,0.6113917613289976,0.355334811112706,0.4947411622420962,0.24086942605288836,0.895275236896553,0.8985232719506318
0.013387925516742519,1.0,0.8895410901082539,0.9501254520220701,0.7759814620201626,0.5143581847825917,0.05791296357076162,0.32572566644186884
0.00688286065832503,1.0,0.6109181147825089,0.2910771264197711,0.4855437493342006,0.41854289007624434,0.24708424055282283,0.8986115290009796
0.00731930307450653,1.0,0.5148211483424361,0.19369648615794682,0.972222896291915,0.7937355636753747,0.3405642715778857,0.47016706091401456
0.013769669925219413,1.0,0.7334356056143693,0.5469628974547811,0.3310778719666725,0.4297948114957401,0.03414877849921199,0.3953254493628327
0.019518263173083517,1.0,0.8221175445543498,0.7597973977681622,0.5949711542694357,0.5256989032138326,0.010188211881628524,0.693765803350032
0.0026721624436730363,1.0,0.8461220296849162,0.18725594361192557,0.6282508411504298,0.5376063552773763,0.7567690202093269,0.5544243944047185
0.01751045624129366,1.0,0.13606244029742157,0.09266675725052353,0.4611683472067543,0.19924940943463507,0.16375446212736602,0.9921097000941858
0.013237386279710595,1.0,0.8346198329330894,0.932441380738383,0.17825610718354853,0.003738388882256251,0.06316140837798212,0.06265581927480181
0.015963143234115025,1.0,0.842162350306554,0.8054242407645337,0.5099159391902591,0.6177141015070882,0.34510315667386765,0.6636177070367577
0.006201506378887086,1.0,0.6820137456219179,0.34310591300277093,0.22231875100016374,0.003311389469236872,0.9626890689600194,0.4521200492809538
0.012336586353192673,1.0,0.9675189327615371,0.8612299932613645,0.7005199951713502,0.5954208888768315,0.6475910335843366,0.8279115733523874
0.007392644216656997,1.0,0.9364890309481557,0.5412102819080218,0.471189252139099,0.15528089555560362,0.4354594430254992,0.7250685482897802
0.017984713290016656,1.0,0.9637323057949043,0.7358724855700577,0.8222499329272682,0.6249197145713765,0.10054597803680747,0.2668769673370318
0.005970992686167594,1.0,0.9507037730764176,0.2755717946341065,0.5795728910947957,0.1650158939038647,0.41445259140874946,0.2170358594402384
0.0011283404636752647,1.0,0.6108784789746888,0.2855327740235973,0.7204595230696642,0.37167397920690204,0.6961592840260905,0.7886143538788334
0.011607803375658855,1.0,0.9395715437487994,0.3539406666572667,0.5443897056272602,0.2320536559714042,0.07457421019714734,0.412564566364249
0.008066514524929218,1.0,0.572002639914547,0.36222236030868243,0.979216659174556,0.5773169955165897,0.3136430724222166,0.4286687691264464
0.0034099032592196936,1.0,0.6689470029244022,0.15309872900429078,0.41908726794240786,0.6170401839610851,0.5017929908558721,0.47270787777771006
0.01495377939577246,1.0,0.933840555158263,0.6796078961073382,0.42560824113815776,0.4196438906436444,0.17727444590754024,0.4697476004135404
0.0029808656519797697,1.0,0.7170423292842666,0.1293309576932447,0.6034411016861397,0.735960326317907,0.562522039379362,0.4007976003847348
0.0015683109131629893,1.0,0.5476217471425704,0.09310194463592597,0.4971521985944371,0.9723037069661912,0.6534990860791293,0.5833210454330815
0.011986823765545229,1.0,0.7306494629769174,0.33375625177252394,0.44815238253747913,0.5632712772476441,0.08577011337049403,0.24310476223326818
0.00681981398140065,1.0,0.4173776612610186,0.34492620246297817,0.29650451309385584,0.07583793782102691,0.6643398170964729,0.6707712536026793
0.015476838328925987,1.0,0.9195486962599705,0.7019417597303718,0.955263071410188,0.7154406601058817,0.2961050007566639,0.487157443901031
0.012596107132543149,1.0,0.3778953635599891,0.483205317186888,0.8739437226046453,0.499740139817644,0.38919294043554253,0.3916422234403835
0.013651915707697686,1.0,0.20744784256963836,0.7610790307867907,0.5554123348987767,0.23207679713396165,0.6559528817025102,0.9897499309602497
0.011874888964372565,1.0,0.09227442101709012,0.8554119043877518,0.5054589663288289,0.19898942098142192,0.03077736200378753,0.5429910147815428
0.004343008078783963,1.0,0.8948235784736505,0.18715760888131744,0.480496865122611,0.5596797869767337,0.15666955640148136,0.9295033783348909
0.016569553815529284,1.0,0.895333846491655,0.8064392442510753,0.9225052712505686,0.5412784943576734,0.4050602181888258,0.7164240637572897
0.011027961977930753,1.0,0.5689720054450503,0.3109767868301529,0.5575527662107674,0.2993761854911161,0.033984822662672456,0.36870432976858997
0.01825367217772403,1.0,0.1296938816626546,0.7124123495091955,0.42704145182789777,0.36543162621163694,0.1451455531638648,0.9310549225562289
0.0187624987735968,1.0,0.06535501210353764,0.08747685663758017,0.6038795009962291,0.4972854731880592,0.038328216762116944,0.7059022781495572
0.002907525106850971,1.0,0.2329993755891737,0.4312430443600816,0.9907970091701165,0.4131456309663376,0.21214814944149482,0.5372398674164799
0.014096359630557054,1.0,0.03113548888472574,0.08673293476463938,0.27659613479882666,0.1250420207240953,0.08890141010276009,0.17027632840480864
0.016300563120288814,1.0,0.6806306748062425,0.5336079204403895,0.6919170416476235,0.4206559135010246,0.060075533228057504,0.6100071169447433
0.015892498417847668,1.0,0.5220879891267548,0.2914813513537096,0.7456126023555502,0.9504155784370394,0.057906737231219925,0.6756228647515818
0.0031342528672580893,1.0,0.7278566169967556,0.4049332768750178,0.45076213762911604,0.2899110046412167,0.08495572572789865,0.5579704913176757
0.002382768859978449,1.0,0.8113610215071104,0.50030895595984,0.7009720428563305,0.13792305342127656,0.040978505709723674,0.40661122615711826
0.013091703345376814,1.0,0.9077285750049103,0.6709711834343555,0.67053300741826,0.9987176546659344,0.04506788526555349,0.04370253086285272
0.009537320647913697,1.0,0.6065206447408104,0.33809804997752463,0.8137781156463189,0.49691592011755525,0.4527342337521188,0.9360049194684624
0.0015749813693880768,1.0,0.4675759384094079,0.06970149976985893,0.410834172171935,0.41155615278533825,0.2558868573652505,0.5751550647215231
0.0036846203077368334,1.0,0.7050012366425269,0.23297513144331647,0.6853161386310429,0.9238854224205448,0.09259451164820492,0.8307093709520933
0.014370458940597734,1.0,0.9968418140200331,0.7403405602993746,0.6555638728757509,0.7663089202391459,0.13911083683247613,0.20410755201536815
0.019254300539828007,1.0,0.2758528595579355,0.3813990774662076,0.33077563716957664,0.24036748608688624,0.5478156027218458,0.8545828881254285
0.008556474730083181,1.0,0.49537874081178057,0.2561965494286734,0.729723191805254,0.41908506696295716,0.08860079112490847,0.8024526520134234
0.012235319698822154,1.0,0.7836008738476189,0.9766331026147361,0.8390314536583517,0.683293087699534,0.2587812484347562,0.6017200520582919
0.009825404468097636,1.0,0.1766247817587575,0.9319216954412718,0.8788289456316348,0.33884901657355593,0.04753365208775282,0.0852767978301762
0.014977077680618917,1.0,0.5189802924146446,0.8711838315581413,0.8015657454680841,0.6545323000616297,0.6928548613410946,0.9218108242491118
0.010593964996030727,1.0,0.7058864147118946,0.35319408428076127,0.46983282841561386,0.13560615001259022,0.8873025731179724,0.5710806049493333
0.017261420259515554,1.0,0.6052863890790823,0.5468877184837831,0.28732643972874167,0.08352682146767172,0.13339326028687262,0.8714792698492597
0.0038624276049333862,1.0,0.8131458300013822,0.11625862414240755,0.48973369298313796,0.13412212609980304,0.6270669281607808,0.5890729523186979
0.011440315966837356,1.0,0.6918927279318297,0.5139170904544743,0.7623430919759656,0.748543940171337,0.12364937589247474,0.6506904512852253
0.008189928913997932,1.0,0.790686760159851,0.6697899522503267,0.6166863738816161,0.23764691522445852,0.37825442011111793,0.7054889011314411
0.016920477891047402,1.0,0.15235348506553764,0.4777462654964551,0.8605500304141473,0.8619608380032044,0.10282157634182529,0.710161935670161
0.009575423010878183,1.0,0.30573186856757884,0.035192623725254994,0.5955733833338882,0.18447857166962595,0.07401981227012312,0.32544223941423234
0.00584863621091566,1.0,0.9674532218508626,0.7210364177619494,0.3902946055312955,0.17843039816752837,0.18910681823705708,0.6008041940401404
0.00799150967181881,1.0,0.48042255372375586,0.5425800513604533,0.5116489875955945,0.20927925082702883,0.023205128139368127,0.9142179450186343
0.005730611707744367,1.0,0.7499377034406012,0.9812515970109911,0.7054353247226913,0.2264431612907312,0.03480062827593575,0.009354429231855125
0.021439557859973937,1.0,0.19958871666345207,0.8075489442465543,0.669385888302548,0.591199941960047,0.6035086648892981,0.8838029736509823
0.01596931315247798,1.0,0.7587119505436148,0.6049970044344017,0.2401942060314404,0.2824914835051702,0.04534364777858027,0.8849247566208269
0.016961682441354726,1.0,0.31023791633168213,0.4236121295044295,0.46199690256454673,0.3467762465358715,0.11845009734379765,0.9001859872495162
0.018462955274697507,1.0,0.20624762268571084,0.9348751092218007,0.9262225444641498,0.7914241915534164,0.5647478822407807,0.9399841517563402
0.01906109840267121,1.0,0.2891842707892879,0.599595814748315,0.4686378537622413,0.3340863162335511,0.30343477262326474,0.3255778896991306
0.0062937506294081435,1.0,0.4286664926851871,0.29439935763112146,0.2580773846405978,0.003277228146060715,0.23929225859582626,0.692215653976888
0.0015235423852693736,1.0,0.4646480181415851,0.042522464227236816,0.08211845544587218,0.11702742951609464,0.9344771573359535,0.9836771689331031
0.01090740726146261,1.0,0.24528280411373657,0.06365210200427009,0.7522410369147451,0.4110180436531338,0.8091222856010826,0.6591452830315534
0.017395219026136725,1.0,0.7052418630544689,0.9208188914183534,0.6764153024449242,0.5843607663270532,0.2103134247962192,0.497070638145931
0.01602735135879846,1.0,0.604709494649857,0.7415124964419033,0.6529607162286339,0.3826488159812622,0.6341229017787678,0.6519861134421505
0.016841024462727856,1.0,0.18041628915412541,0.12855944976216305,0.2422165951371555,0.09111889917636681,0.350104840003463,0.8546109353685907
0.0037822713172907764,1.0,0.40028681144524986,0.04275418157549004,0.9833770050085716,0.3458937949229221,0.4980470126550833,0.3808222518929459
0.01265177754025671,1.0,0.6434150278124227,0.5561650508742249,0.4127300280568877,0.341840074121085,0.034055051236294744,0.5247301800278588
0.005456138310739356,1.0,0.8564265041209204,0.30296724279159204,0.8894100997890673,0.7857055902642247,0.3160442737681053,0.8521971415887839
0.00979798538125097,1.0,0.8842533280430416,0.285657087990995,0.8864923748485725,0.42583497556733757,0.07399512992397185,0.5012265701627233
0.007739833256175667,1.0,0.318257128687762,0.35772925018141305,0.9007913716574866,0.4974541836568639,0.463094975502659,0.9888434687883412
0.013294536311493934,1.0,0.3797625859636131,0.47044668616736507,0.7537751588963456,0.30252369967781745,0.14853428874876476,0.9208204132370538
0.013836297013946355,1.0,0.9974945272043195,0.7650761873109686,0.829517512369174,0.5034238226602102,0.08732115119777588,0.47113167039350934
0.0052510945453725,1.0,0.9211988695351653,0.6454497248772728,0.9974659430712933,0.29404096341120883,0.03161789858056877,0.4247519123326292
0.008531014950338407,1.0,0.18440369045667063,0.32489218018335486,0.34588425988971966,0.12136709569560737,0.11375907115241482,0.5638142825807111
0.009740939663965227,1.0,0.893231030873358,0.46666295665547713,0.2703366472107659,0.026879438328244604,0.8264483219309299,0.7513443439751366
0.016564343257222287,1.0,0.6745985747758887,0.7500760225087744,0.35972769305480745,0.24603298091494472,0.131593971467691,0.8244960038531521
0.00858279716464357,1.0,0.1633954643406739,0.4761138467783453,0.575724327994828,0.18322650138412638,0.2932804656358201,0.7513520584597639
0.006994983306671002,1.0,0.3617532761993509,0.0943003006245949,0.5329157437934532,0.2646109919997902,0.7951807366536852,0.695837565810371
0.018751397156922964,1.0,0.8113261127273925,0.9895067901309842,0.8701661694636436,0.5778474296265801,0.02434840212381333,0.46715071070507563
0.00789909421200577,1.0,0.6700083915584274,0.3555189855825436,0.9820811805787208,0.9489100496631899,0.11678605149690058,0.10134406206966502
0.005053963574969864,1.0,0.27980845664160287,0.013809423547761409,0.7107944625394963,0.4146838607349129,0.5108288744529769,0.5284039757004849
0.013537623117056453,1.0,0.7521420639417009,0.874541809769376,0.317232939272959,0.07887570444802652,0.1892880640541676,0.33834693168294033
0.016291687386542388,1.0,0.9841561778562915,0.9077222097664717,0.30892785375677234,0.14496957223962678,0.2866791338200598,0.17002916189977132
0.009889320644119827,1.0,0.1468819711728557,0.8738852001583811,0.6862013621968073,0.34178967487478956,0.18319296681314354,0.9977112903809009
0.016420139908725942,1.0,0.9150781814947201,0.6816938899775283,0.7409455392183686,0.4099029920541912,0.24970564673849918,0.538627913462175
0.01555738204183273,1.0,0.3620586962503373,0.6713121393387976,0.3263827827474176,0.14776312821831233,0.045711484371651935,0.09385609522533746
0.009874494623828091,1.0,0.4170570365196495,0.1921173010781237,0.600466601567708,0.8224105656255788,0.05111026507734289,0.5165223542140299
0.008933021615497229,1.0,0.784351804845791,0.7518866944060469,0.6841894686439121,0.42423976483880105,0.3580784595539454,0.7069669022694549
0.004421961279899323,1.0,0.8284795302748018,0.50964203878106,0.3920952479878706,0.09140713367690784,0.7875932008424191,0.7379702756019387
0.012249969933553838,1.0,0.3676216920206953,0.19043040770770842,0.7258801487425036,0.42782888320748996,0.6361880645434667,0.9147793401284495
0.013977500322771248,1.0,0.43981628534770956,0.4003971127326473,0.7160083000211485,0.6810250115772841,0.2673305808102095,0.7684107874470361
0.0070893419859078535,1.0,0.9102712369722106,0.29741762291899293,0.32268144690047956,0.8450220543133771,0.2606260851268213,0.8059015888226454
0.0049340158274540575,1.0,0.8072299693834385,0.29028602846164736,0.8088485030695873,0.6928743676207852,0.5858904296884384,0.43176865440818984
0.013912109692311395,1.0,0.7521632583924162,0.4971561264796697,0.27531049403926594,0.6359086235541275,0.0435963962544994,0.9061417855364023
0.016408147541969485,1.0,0.6371564879827486,0.5038153116742572,0.9014415124081165,0.7057777670999434,0.07479514170245508,0.12486262053017755
0.011976966834139294,1.0,0.7926187822441088,0.4307861615357725,0.6658637868088153,0.4646532505283815,0.36087667414771923,0.21112068271140078
0.009747336847901387,1.0,0.6325272747967896,0.47976536893640537,0.7626963871418846,0.7244882314979691,0.29221128198704543,0.594870232591298
0.009987097325604054,1.0,0.9207607617738445,0.4811569735860158,0.7085603824032592,0.6099395400123604,0.020096264313252767,0.7606745482966596
0.019535195438271653,1.0,0.18931389897616843,0.9159470237416115,0.2165108934786976,0.08825945534965371,0.1762360207626848,0.21831940046429507
0.016114780826860464,1.0,0.4179973977473809,0.6239452476132363,0.8053419671851274,0.6418015406315263,0.2723393964493571,0.5190769727489226
0.004035248082962789,1.0,0.6635477891020682,0.27564610301738934,0.2617590881874884,0.0021166339196063613,0.6921399871575388,0.979262918954462
0.018387354460922475,1.0,0.5159432808871113,0.7223563865402589,0.8535297365291667,0.9358893592920284,0.014783791040440641,0.6149096048045576
0.010656601310773964,1.0,0.8198972020969179,0.4798088651129882,0.9210426259199583,0.5721720718933277,0.24675776165801672,0.13499428495192378
0.00765176278344667,1.0,0.3409882267685361,0.6434265992165669,0.8878703716992732,0.5682625472512107,0.07419661165761071,0.9411803977610118
0.01712701010350099,1.0,0.45022358780520383,0.6496599037900928,0.7082810786023547,0.4829605697222853,0.9252159343266456,0.9963010628132474
0.014963810480458029,1.0,0.5705033542960734,0.6515787755785929,0.7750108172723279,0.4110681973778162,0.822115167267436,0.9817311841460064
0.01716610940578505,1.0,0.07801257736701517,0.2089358042853528,0.5950301754057807,0.4322699375811612,0.01097672049899056,0.13159408664826844
0.008351757636203463,1.0,0.5276198238904488,0.31795289487279693,0.7588660803441164,0.5384648459335096,0.15035896380579028,0.8857520189268253
0.015231873469510614,1.0,0.7815263541034196,0.6021645732681582,0.49259066920714717,0.641777644522267,0.3762849286603159,0.9663320766879533
0.006168874017189644,1.0,0.9244130804654229,0.6165118829256316,0.22552357856166394,0.07265615815050738,0.052973196634341455,0.7436965367389873
0.006553793252942858,1.0,0.3987422254557132,0.59725912301656,0.7741998281395535,0.19974056626971237,0.012997499212650167,0.22755515768251258
0.017511832275601845,1.0,0.8594421087785922,0.7379121650328637,0.6735794887462804,0.5946805751372456,0.19203340956151146,0.5390821053580154
0.005036051069800639,1.0,0.6391622008309124,0.16419494396948137,0.5271699325170247,0.7490283311784087,0.5516827372363994,0.5806565680182177
0.01372368912280262,1.0,0.8054842514824242,0.4045899308820726,0.3687103134142316,0.2779170247031692,0.03955373517578044,0.8718715750123847
0.017928397402945016,1.0,0.0440429266292373,0.04941342894790582,0.8458105504154126,0.4327294110151299,0.16224442510341416,0.8393963489988359
0.00988167988297646,1.0,0.9547002396223941,0.4374533515060758,0.2982751288893573,0.6381886057223699,0.09387863252427861,0.46240239633014607
0.01060031561695357,1.0,0.6266162066396631,0.31882531640102474,0.22891333018230683,0.07358573785658282,0.35602926157972004,0.39628129999765926
0.002442356017596746,1.0,0.8496015078766304,0.2626787988538782,0.6508177191673696,0.332872814284329,0.05916511755460636,0.7281797290058595
0.006399974474262593,1.0,0.5994093049572637,0.3101232924065258,0.3957640473108921,0.1754725277738554,0.1339793218037971,0.4118644724999976
0.014742152402007158,1.0,0.6021981270194411,0.35589767367926267,0.8502186030692582,0.5505629684906449,0.7652359294914043,0.9524391861984103
0.0016881727408805656,1.0,0.8491956476804804,0.7971554658511854,0.7133971165228433,0.2519675867331308,0.07394591469140355,0.925938708891783
0.0034850271154421683,1.0,0.3558969207581844,0.5652490270341317,0.6853717303311755,0.2832830431659239,0.025706501170081393,0.43591770595625534
0.010696770931797508,1.0,0.911304952068917,0.5418867408118406,0.8952737306489678,0.31956722934428916,0.3511733607651593,0.5747482941100617
0.015492435503581321,1.0,0.8782688341621059,0.46434806070814144,0.7316906973099757,0.41598759793146517,0.3382690258233316,0.39286850991271
0.008531936027329018,1.0,0.15789296881144604,0.0014425378591687566,0.6837730872208444,0.4318172429351879,0.8929344227729585,0.9387913740131204
0.020660943940360884,1.0,0.5574397979051403,0.9649823020953927,0.979533962419777,0.7711443199604471,0.3266949602574012,0.8311118711423049
0.01850728410435176,1.0,0.5354339009494007,0.8881720847061106,0.8725750661366537,0.7027717287848758,0.443237974187922,0.8324911446964774
0.009652058832739903,1.0,0.8044328323848262,0.4830653832762747,0.88628163851616,0.3668902529760023,0.47079605068866087,0.6429158847980276
0.01040597406740108,1.0,0.8575237209541667,0.538312741531819,0.6208278965165734,0.34351401810900656,0.06682212688228233,0.9910933519797067
0.002254457564693943,1.0,0.5122745824484858,0.7326223746749726,0.7843774204076064,0.2262248279061064,0.16103058697836092,0.9811378700865563
0.001773007284688011,1.0,0.8093329100147871,0.7061545336844293,0.5461836924938216,0.126365306096303,0.6528388507512296,0.8629223388181269
0.009011437180385502,1.0,0.9614825220897828,0.24491624483625118,0.9074847556566977,0.34588537957547305,0.06181664120746288,0.7378574217210968
0.01733177230318939,1.0,0.620561465644181,0.973456373860006,0.45370831061622835,0.34318138804605325,0.42401009171037896,0.820886868670449
0.010290753707946573,1.0,0.9303906476637549,0.34790137874193056,0.22890964357053775,0.20258036664892098,0.045791022390574906,0.20362869721511245
0.018413432717360984,1.0,0.39965648262131226,0.5413685737118407,0.8710616978741208,0.7861078460766868,0.8838471634628134,0.9461048578643051
0.0018078223082680371,1.0,0.2931299089569868,0.05833054908079367,0.7714201068200424,0.44689347051703526,0.6460636772915965,0.553472630922455
0.019504347462257446,1.0,0.23344291696717692,0.5052232025071577,0.6372471483327973,0.892025669047219,0.05975468507228569,0.37527423731365966
0.01330089905825842,1.0,0.9165329778118595,0.4629905595547094,0.8728285938307602,0.6826682513916119,0.26516373984123787,0.906339827984714
0.0035790126496663354,1.0,0.6284019130813707,0.3333208903964469,0.8857626333501826,0.5011845078032633,0.17420715820681854,0.2520674103069771
0.02221257413534471,1.0,0.02329665769883099,0.9432891229156178,0.1678074362711928,0.19315348443338803,0.31020775082850854,0.9475304656314327
0.022189232058454873,1.0,0.03314852322575542,0.7699705266540149,0.6543365975602786,0.7670375005968199,0.08605039081432597,0.7852120863462301
0.0053599598329657225,1.0,0.3482045890303369,0.4767224773229603,0.29014191886695206,0.06846582617181558,0.049529623428697406,0.9178821673012211
0.01468802934294227,1.0,0.279528916609002,0.19319807029985647,0.7262880594146757,0.449634117579469,0.17638366083486978,0.4717324582766388
0.004890023263751528,1.0,0.6636801078984474,0.18072910609249285,0.7186811563283105,0.4936289881272466,0.8190327218904061,0.4661272444130762
0.007912025206604358,1.0,0.5934144681104836,0.7722133283262249,0.5649871619236945,0.2026139574308971,0.6611282982881543,0.9788005699612267
0.019915295336656594,1.0,0.052900952105908394,0.36863300125027626,0.5038067842621029,0.5743387426005293,0.028622246500964017,0.0402185471817555
0.006071959519911161,1.0,0.8797200953125295,0.6455726680163107,0.8432001283198224,0.28127755089576323,0.04494158468766538,0.45409699073120435
0.015423666690442643,1.0,0.8402004962968712,0.5422181591271726,0.6210676241605634,0.3488076661961065,0.2104186312357165,0.8550615042010007
0.015555780933258993,1.0,0.565836015915287,0.8436837683244117,0.8704201905367738,0.9816344301697101,0.37329025604455207,0.8376187388515084
0.003476112557463651,1.0,0.33583005688862977,0.09676804704995313,0.6439870210427221,0.442617835652091,0.046123726684539144,0.6267112592825288
0.012282962617238671,1.0,0.32604743987926865,0.23117608603242212,0.8233291960864324,0.4659205881976693,0.10809225365709088,0.6056481613817079
0.007718133131290629,1.0,0.9174976875461414,0.816111208991939,0.5956842003049797,0.439690439903121,0.029675366110150765,0.5740124324551975
0.01810931815531672,1.0,0.3833852791778609,0.6782566317453821,0.3322048307113711,0.13026574365458207,0.17527704546216957,0.6770310760208315
0.005078758183249313,1.0,0.4991398167398497,0.1279119610519355,0.7369193143118161,0.9809126273690686,0.21057346962901044,0.7274579219871331
0.0049917200695754815,1.0,0.9248055637215169,0.400243762274179,0.8466324930581869,0.5928164985282485,0.7417936034279098,0.5799558488893422
0.010589596692087446,1.0,0.9902715987260454,0.9201630546027155,0.3025316220833976,0.23072062333798102,0.1114192003920107,0.9502038405059294
0.012479263971665103,1.0,0.9753147858272931,0.9076917232555678,0.8989488571230099,0.3669859251912134,0.2560115061533665,0.24310110218247447
0.0015311561173389767,1.0,0.868772128866853,0.16004166537767045,0.49149094763590245,0.2766016085962586,0.5438233494939999,0.486245881981539
0.0013460387981161365,1.0,0.9630305425529323,0.288752827146908,0.8721660087477372,0.6208697124103996,0.9630658655092774,0.5533431259727656
0.0014743364679217033,1.0,0.6445489449365644,0.24384278280172503,0.8657882476243958,0.5729746846401143,0.8247494511628447,0.9737893907742343
0.013352476449825252,1.0,0.711460158247919,0.4899516628216316,0.22868643913689024,0.03351046581494455,0.9694926437123457,0.6924423215509087
0.015765975597366172,1.0,0.4392323995843574,0.8047210262709917,0.441582996384605,0.33881311836480277,0.44931766641531123,0.9809456931918156
0.008029189120952143,1.0,0.23661795116083198,0.19636260942097236,0.9760223632641926,0.3172833182871295,0.39088820372021255,0.8617537482033923
0.01428478966801092,1.0,0.5109498644236403,0.5221762212858511,0.5628889291081479,0.7355860032834282,0.2546280523694616,0.8064620450027972
0.00841605213440609,1.0,0.8044011963356571,0.4565609683684299,0.16093683819876253,0.02378277398392595,0.5171146123130959,0.38474617172771947
0.004472348999769038,1.0,0.635353368662161,0.15373124109765923,0.41299883937846504,0.17029264134726907,0.8519216529141451,0.9501957552921625
0.0037561966646968213,1.0,0.7162150240491638,0.1457733337359405,0.2346551544025847,0.37464317041090645,0.29999549783174156,0.2933192001976374
0.016151677267008672,1.0,0.05361481011633117,0.6465032426378572,0.14033568402370306,0.0235721985769618,0.40263855016716454,0.9101571749402405
0.012256050918908072,1.0,0.6915036261411982,0.4378932085146982,0.4201618023789406,0.28059198152046644,0.6814914050609469,0.4946399724953407
0.008773431006081005,1.0,0.12580129087575367,0.996156738407069,0.7157149161978983,0.2775302218740788,0.2874308065658478,0.8956733039315823
0.00689593813430756,1.0,0.8695800530772634,0.6958897952619526,0.6111663041805135,0.19823540367582093,0.8236001147865786,0.753878426439241
0.014185534994021184,1.0,0.8055954553415727,0.5181578651184574,0.3466564787826723,0.0667876141155782,0.06494300084796265,0.7718754551230088
0.007274415744729071,1.0,0.9384552544902943,0.395564799404113,0.727959326872522,0.5794149277270018,0.5258070199462316,0.8782196246447911
0.0033835621326134507,1.0,0.8194267504274153,0.24852125282353993,0.6024661619118137,0.14641106319025946,0.7273880355081987,0.2819449588588157
0.010796252171162122,1.0,0.23965208478673247,0.8929098094540123,0.98609893282706,0.4700398549076886,0.07336643382879213,0.4203668238547171
0.00424207642675062,1.0,0.5205090073138962,0.0841746454298773,0.1313080228464327,0.598818455496037,0.026762660141147317,0.33080117673302034
0.015619790297798225,1.0,0.025025325498074256,0.9314655272672828,0.9172895997170668,0.6173581917791405,0.31322290456327334,0.45776807749777126
0.014193987066471514,1.0,0.9730095309174309,0.7684722394471397,0.9650472363456968,0.8672627641061522,0.3174265214799127,0.5258597556706612
0.013323171706399926,1.0,0.30896183371318753,0.19392823764191566,0.9353654202714758,0.44851014905200404,0.8904147078020856,0.81032199312787
0.01938416976827221,1.0,0.47609065155930336,0.41142847520659187,0.6119217438226853,0.40667318004131897,0.16327314596756712,0.5547945272817435
0.007496383950222958,1.0,0.44425559283362476,0.924127442492398,0.7905921286868272,0.2738959224123726,0.1815293141424512,0.8796875308588246
0.014197842726748584,1.0,0.09161510409548733,0.1233538644277523,0.8926219775593105,0.8766303053502507,0.19614414234589836,0.6175846532639038
0.0025674647862499395,1.0,0.6629406301958113,0.3402279182297096,0.6184196909001448,0.22818839807557886,0.785585006034703,0.8713190967928283
0.017033005401453076,1.0,0.24205967960101693,0.3521277634645923,0.9180139635732055,0.881165304712885,0.6285145584227952,0.7251971481512989
0.005630613472038951,1.0,0.812078471468989,0.21701663433179108,0.9868013282978669,0.2736871624022258,0.07326235210048307,0.019807184241720534
0.01801831516319637,1.0,0.7961946255741744,0.967934119508173,0.9421194259870859,0.5045946281151674,0.2696571594661373,0.8578335584311902
0.002760599594426081,1.0,0.8152567906514118,0.2306759049441525,0.3835362932167562,0.12527974047773735,0.11805736818639107,0.20185242735976425
0.014432114543863835,1.0,0.022153322576914568,0.06649589599609673,0.784859094293787,0.5272558281743057,0.114356926758984,0.8858888395303924
0.008413815360265694,1.0,0.3985854620629479,0.6974968771762317,0.5563711314012341,0.17646287040052028,0.036075643562817644,0.2599062612401708
0.018269426664950437,1.0,0.5685994733940979,0.8744977851081341,0.2314356381684647,0.3568871915629763,0.13286026869431955,0.443413249013229
0.008072609727891323,1.0,0.6215656091221717,0.9064734884090981,0.8156596208558535,0.4463084822774814,0.2959194531500563,0.8738463565838813
0.013911937847005108,1.0,0.2852410428985104,0.721007303255552,0.9881058095008655,0.5513813065069013,0.11677463018032003,0.6302444563804457
0.016077931059771854,1.0,0.2263618784015597,0.6387701921550685,0.27176689642111695,0.17002254824519947,0.07317066334006293,0.5636694565546996
0.005004542098923045,1.0,0.9749015511621748,0.3336408018554503,0.9153782197571612,0.6065832753406059,0.4193117850752302,0.19702069253004795
0.0053463386754171085,1.0,0.3720220371672974,0.14225111072728164,0.7499776130738234,0.3540654695385671,0.6414571394704662,0.948193949494674
0.01427684795971118,1.0,0.6624734750197436,0.23798537359604152,0.33929898005599607,0.13654539880092173,0.15037564514825755,0.95344651039414
0.012267068270097516,1.0,0.6674274266305525,0.3510250507995517,0.1923605503433002,0.4387145101853791,0.030443426532839733,0.26342335861836397
0.010314954128032242,1.0,0.7985101118622473,0.8547293461595846,0.5810340420871399,0.16377043269922537,0.16441870135677936,0.28153323159666943
0.023099773660040478,1.0,0.21937059235543352,0.9155619700159601,0.36477705756057743,0.4124978468253938,0.10891669123007848,0.938638944615387
0.004704381736158378,1.0,0.9000226794985583,0.5217261522544221,0.8489159090685283,0.27939325523067365,0.6513060569054774,0.7924862540055392
0.008685826525845187,1.0,0.5110074679202672,0.4730640921685227,0.8402164049513141,0.4261425922412569,0.5777636732634495,0.7805823513188643
0.006401189096271925,1.0,0.6882722060223935,0.26587274225005475,0.45295635466482326,0.20622727660439605,0.1098325174775578,0.3517107202769954
0.017200310189026288,1.0,0.6880105047784758,0.4353102038221818,0.5426671043210463,0.3297855165908139,0.06614126429922434,0.9775225309875839
0.011504929265739955,1.0,0.7736020377511041,0.7786898070653044,0.6900320016371833,0.41323287138114867,0.073348542467776,0.7665800416341358
0.01460620588595276,1.0,0.9908047084758037,0.6732089859748692,0.9695706969532694,0.45204508564875817,0.695894824657476,0.9147096084964823
0.017194297756432025,1.0,0.014116330320243994,0.1481703052297814,0.19472975542135582,0.041688570150474516,0.19909392143904645,0.9455815613695998
0.01218320420409652,1.0,0.12869276983705086,0.26171059380608014,0.8538288533384382,0.41905141799550927,0.08849863698203511,0.7204931411718448
0.012789132938226252,1.0,0.8053972908036503,0.3793644151248263,0.40066564002703203,0.1536498203776841,0.1572957067879131,0.3137854261833324
0.005511928770541912,1.0,0.6278598929111233,0.590215768026554,0.8754135429325365,0.41337743291646994,0.14974545466577607,0.7401431381524067
0.014013393374694108,1.0,0.9931470641004831,0.7737974890972039,0.11771557394005805,0.035160531099667686,0.4589271124041899,0.4888680400438114
0.004124229813037859,1.0,0.4058106640670377,0.8002090631163962,0.9933680370324972,0.3740910546310902,0.40947806512241014,0.7983365631529007
0.009024340646912717,1.0,0.6038493153760239,0.207740967113475,0.4455153791334147,0.6062809939856205,0.21796724988056954,0.8456119434719502
0.0088632096584297,1.0,0.9366727046146665,0.4086367484928791,0.9474776045521247,0.9396641676258263,0.1505104221991561,0.7717232873467899
0.012810235977351443,1.0,0.8372288615323447,0.3617421107909691,0.9565380390208374,0.855865256463887,0.35258158638156684,0.6980618065277403
0.016766464286346084,1.0,0.1469299431832769,0.026208673661290673,0.7021097524586181,0.6384651213011882,0.07009985034081745,0.7007320383463731
0.015634698277373366,1.0,0.4012861097209849,0.5705431152582686,0.7232524680185793,0.5478493514432589,0.6214729904839487,0.8449754406256504
0.008433088061566712,1.0,0.5111660251207322,0.293316211869137,0.9150367906957192,0.474524782151012,0.1913862018333402,0.9995655434818616
0.015068355401789073,1.0,0.8397360112634807,0.6587421546622166,0.8939423565965717,0.9861095104498654,0.32476004486643884,0.8255760334956959
0.019221186770765654,1.0,0.17847980294247567,0.2156834339070281,0.9296054591431269,0.6204664749067438,0.24000814054077624,0.5879629536445194
0.010802119667426578,1.0,0.6416544210033027,0.6623692093169162,0.6131970612187878,0.19553432075894692,0.5439624682861016,0.7689589755531938
0.007510810521060439,1.0,0.2026441290073625,0.35456846460801045,0.9892560249922318,0.5073889441380867,0.08600032084664895,0.27148426012216575
0.012358921482325327,1.0,0.6503719255226262,0.49647834128848944,0.7239248997049704,0.7700289198993551,0.09157055549645772,0.9109140643699322
0.01107220120741743,1.0,0.595311879787545,0.8486822285707633,0.7575612073765297,0.4360954474601281,0.07722334779421965,0.3100636823211524
0.001368476606912454,1.0,0.5130077426042545,0.025107167709128922,0.5829808285197343,0.2413240763461275,0.20171910573730303,0.0067094440256637074
0.008405198723228938,1.0,0.6917901121596768,0.2840676707554445,0.3048030270184033,0.11956477962700772,0.46773033828855254,0.8547343013194135
0.004759409918265185,1.0,0.4641566465804018,0.2077731227752693,0.5745724878066995,0.18145070349794454,0.5070077020525962,0.4424472870090946
0.0040850166963145385,1.0,0.43635833210913183,0.2305915663839471,0.3045529358729718,0.06652130196044494,0.7029354291741011,0.707431345813145
0.005164962999413361,1.0,0.7565618794839637,0.1349165562150566,0.823710601805642,0.1659381706734444,0.016891492506209783,0.8679488307453856
0.011821573941279539,1.0,0.2783025034951209,0.8011898599733113,0.3539074231684924,0.1653112197295574,0.05431120497589654,0.2050401825659429
0.010939046248560631,1.0,0.2168155339422918,0.07959387140356237,0.8185918665689937,0.5240876095346001,0.3654803725526755,0.25976151686298227
0.008175224019980921,1.0,0.2745650810881174,0.08646891336358252,0.8957028976232316,0.466807984795459,0.6176914967871695,0.666264717866451
0.016640800555300796,1.0,0.23878291379000988,0.8662744235270855,0.6953006956585117,0.457751988686317,0.10135543235288536,0.10674195038175308
0.016635818572648495,1.0,0.4082987228522683,0.42798039204668215,0.49836426792277844,0.7256021862507409,0.2278729171463958,0.8838661314342078
0.012588485312110279,1.0,0.8016822765217,0.4566049793378184,0.7673090417988391,0.2408848811450218,0.850142443232802,0.9363501987629721
0.006772761575720503,1.0,0.38498345218108426,0.09083048072119562,0.4403531903185823,0.33970747935534296,0.3457657488979005,0.3634882374633296
0.007402380456421567,1.0,0.9141638237452447,0.5326881369668193,0.5289120346150074,0.3077246353589635,0.17986187791466354,0.8257624347289212
0.009748489040551877,1.0,0.5084425310761407,0.1656030829011488,0.828033017194415,0.36630145427553373,0.5547913496185316,0.5810291913628319
0.011887474285879454,1.0,0.7464250698917427,0.3653935980716645,0.4278399583206456,0.22887148695425824,0.5143078276030896,0.9706864779713481
0.0010020157469330727,1.0,0.27542237382301027,0.010516354957685239,0.7368197753641925,0.27185238763788405,0.9351321883404997,0.8653050789616017
0.009289407326202492,1.0,0.7857875145478305,0.8634458647890639,0.7678858124563198,0.3203034896921729,0.623554837974605,0.6381873195633931
0.006349443627392945,1.0,0.989841858930314,0.8485544081246484,0.91567513509168,0.4066180373039331,0.35528932810923225,0.29626143323982085
0.019719562847523582,1.0,0.14712052963539032,0.8201131567857101,0.3569471036981509,0.39325993294033174,0.2507457980363599,0.7475784741108401
0.0113399157569705,1.0,0.4251848664010803,0.31533434880183175,0.6785662147954393,0.5607550977827467,0.09424346555324074,0.1363302259630104
0.020734040653865953,1.0,0.1781719872986754,0.6871094976762347,0.8108287506236288,0.711364995306598,0.4126571002064443,0.5599739283815668
0.0060847211834090175,1.0,0.9624439172547862,0.2373445094179554,0.3226325242942147,0.21373463005502502,0.5144141646134769,0.6272713070418262
0.015880732658280418,1.0,0.6346867353214674,0.7865947817271526,0.7203340669767045,0.35389249154725305,0.25074709569244474,0.45349292651635
0.0114936474601662,1.0,0.9148854161073698,0.7576789607540524,0.5853037738544727,0.20832021395459083,0.5245904120404277,0.9985657536443314
0.013490255301448227,1.0,0.6564201803144386,0.8179679955568039,0.17733459879585872,0.05258697250031666,0.09734963899682568,0.13838218980433747
0.011834996486729882,1.0,0.4560895779800799,0.9099314783440441,0.975547187517578,0.41689140697403604,0.12357862662121728,0.2666474807177347
0.003827797258587118,1.0,0.960334820137628,0.30331835165384574,0.9566820847511877,0.7760055997445202,0.36932700529349183,0.4800930069527021
0.0062886039090869275,1.0,0.6825514269060248,0.1830482518030749,0.6994790636625222,0.12887317103301343,0.21529055042387996,0.3000575297393168
0.006359689712042565,1.0,0.9448934195081838,0.32675565447877153,0.8010601992004217,0.4604305445350868,0.216280262934745,0.5132953067586967
0.005899298103852797,1.0,0.23615970636275793,0.18063647587350568,0.6264452846346543,0.1969264476257779,0.05934659859894929,0.35676613932581397
0.016646984439621242,1.0,0.7207027134818145,0.5829758138464306,0.6852449899172616,0.9420875549002257,0.04305387776157549,0.38840557813855536
0.00231889221583049,1.0,0.4533935218641672,0.75863735705139,0.9516648252117763,0.4024245166845544,0.31287385585264976,0.7329602166862672
0.013044988839396057,1.0,0.0339440204899274,0.8203527825115393,0.9786995418420221,0.43395971025146535,0.015594804373180868,0.20638580019273975
0.008540513957998435,1.0,0.5242234405576109,0.38399354303858346,0.5768343628504122,0.43372869572078665,0.07399732072325237,0.2576257056894385
0.01361401699180553,1.0,0.1755068802169621,0.13344527167691703,0.7755341709042676,0.5815315329663411,0.019493182394811216,0.21020808254248308
0.009041518149474927,1.0,0.06632404167671226,0.09096186174717873,0.8263463794016468,0.326938840069279,0.14386941296341518,0.29584282110861887
0.0019191447201683696,1.0,0.9661573838717327,0.36572453879242084,0.5226106097392806,0.2793919192954889,0.4166916965918766,0.7713982817986537
0.007139068863090448,1.0,0.8928838719624809,0.21345461225468704,0.7005703509053376,0.17258657426129664,0.011495149214204444,0.9459950024901994
0.010954069944049447,1.0,0.37278605401948317,0.17853620222870015,0.9061875685819921,0.9224933972978201,0.18984664219164,0.5157020553977324
0.013846397415293449,1.0,0.6190259032204153,0.6545367479690469,0.645459817591804,0.7276907317375574,0.2667484813338217,0.6603965440196361
0.007856001163992921,1.0,0.8232613608967665,0.47976169087624576,0.9008876424757212,0.756601064592738,0.4165555308124847,0.8800514451336755
0.011047447196511039,1.0,0.1222473676720606,0.685766391375845,0.8426000233388053,0.4242114228701976,0.06143127786961642,0.8237515838424411
0.008607313349416694,1.0,0.615960701740039,0.5728323743801174,0.6799742321279437,0.3198306679245961,0.18135908234566622,0.9687433606671019
0.0066647957743909796,1.0,0.8230652626168269,0.38076098001489245,0.6524411100308175,0.3054664559697949,0.24671897305601556,0.571906080805
0.003132855953195907,1.0,0.856667202456308,0.4122902579829882,0.6002196054429193,0.1106971019423733,0.9262209905737311,0.5719087632000374
0.011191870436947027,1.0,0.05156616696336619,0.5809402217028933,0.928893484303792,0.6380454338899445,0.04438963271387512,0.9478701329460085
0.015567244488786863,1.0,0.41436690420918787,0.4967613793271947,0.7110979301045294,0.7150560140417207,0.4271392080381585,0.9449657009922657
0.004672285607287111,1.0,0.8334783649286381,0.5781334065579489,0.4172710503748391,0.07688775906154974,0.8748511765147989,0.5830285312502733
0.015531943798753937,1.0,0.5371891063717629,0.6389118923500571,0.5152466091433292,0.355539415060642,0.445706768692397,0.48210620597361353
0.004860228713887724,1.0,0.858586281826513,0.3534864301263999,0.31480348819342224,0.1461932116892717,0.08215507892017171,0.7944037275388149
0.01452753317709464,1.0,0.3546072130127249,0.4296169165872832,0.45627418845866086,0.21720470078756027,0.5179576149820475,0.6789018583522546
0.019575206088582847,1.0,0.7874351726459639,0.8050217443530566,0.5626340302245743,0.3599009219438982,0.1521737940389833,0.6429172687244809
0.01658439439070155,1.0,0.5679090393915809,0.4364836899165152,0.7754805371042112,0.6656986015939669,0.6396094976463228,0.8630736979455518
0.007449776935863733,1.0,0.12695375275113138,0.0033143711918051095,0.7327761737690938,0.448270861632277,0.35761948140279287,0.8209634027485022
0.006666166079634329,1.0,0.8484628363063106,0.27614176751716496,0.026725011184571386,0.573223736929936,0.07595909994317507,0.8495801117080923
0.007352748688146567,1.0,0.956750395830976,0.2569018935434257,0.1718989740153135,0.004055631300093793,0.418742561034493,0.3566253029028396
0.010600274499334407,1.0,0.5964903001231557,0.28860792073390024,0.8528259357792424,0.7184864302068674,0.39598040291685793,0.6173367673328868
0.014799202821338137,1.0,0.0926748358938825,0.17150594144055756,0.7988389583255475,0.394566710112573,0.16031737147273717,0.8576666817672739
0.010052662569045731,1.0,0.6597589698009425,0.3331436048254576,0.6731836920434229,0.8771185208392809,0.10493649347954537,0.6042893137493516
0.013282688088503598,1.0,0.9617170395897958,0.8077479538905458,0.5574742631785153,0.5913993018062131,0.2540437872927112,0.5263095352541393
0.017931154228678397,1.0,0.24450571378495006,0.46955116110445216,0.22369328991873638,0.16813824385500165,0.3767089071648685,0.8592247231553339
0.0078639084302847,1.0,0.92133002020081,0.5562979411142822,0.6031904682110233,0.30324681579873974,0.4116542493992058,0.8172704822107774
0.009436149391585831,1.0,0.6715084041834817,0.5951403895132287,0.4933653804381257,0.1259053683560006,0.29887983445097466,0.3536836562688689
0.002919065630410415,1.0,0.9949461115435554,0.8060036649848015,0.8805192154936059,0.40147619941930185,0.08181118473176217,0.5170808818645071
0.012168948461021761,1.0,0.3378756288520926,0.21510248270080437,0.4208701620850272,0.5170050769602842,0.12248621096281133,0.4645637996331351
0.014034112035743656,1.0,0.8801350771910704,0.41056756107525827,0.5162377947619573,0.19817462602541874,0.040067327944473936,0.4684068505375024
0.005932184842515006,1.0,0.09714736586428574,0.3688360825232121,0.884227212258428,0.3042763551638506,0.1181762791067936,0.676573916270104
0.014790230507105269,1.0,0.2671085870700841,0.32531882851917626,0.8159700713736444,0.979962561902019,0.13930835043093956,0.4374469255076502
0.014685571379924503,1.0,0.4406865147330531,0.23916691340795126,0.8520084254187231,0.5280453555845354,0.39060999880347286,0.7510747395895598
0.004430645876954007,1.0,0.9286815457809855,0.5107208951460877,0.9512716675116254,0.7544575644097089,0.40626482023755783,0.9731570869397036
0.01821388622737544,1.0,0.4879056027629722,0.8639611433557997,0.7384563733769298,0.6674048011454221,0.4756373371171181,0.5128522848186262
0.00473688706396607,1.0,0.30870055590534345,0.052283844346810125,0.7261926189862703,0.311359532023366,0.4614741624226585,0.13515506711221406
0.011191354318204703,1.0,0.9335234350504334,0.4531792068595339,0.280836634973049,0.09263925978102346,0.2467123701787759,0.1819859418892532
0.004541805346660816,1.0,0.21071858526810106,0.04518163195478409,0.5177379770087386,0.0619349514825279,0.12140056277779138,0.6964247316693776
0.008838368110594578,1.0,0.3212804093824496,0.17703331905924466,0.3384523336327035,0.3045349075702259,0.1504413258739263,0.8419144755380066
0.0043003465277636,1.0,0.6185172197989314,0.22543945304160834,0.448353117418085,0.2722868239047317,0.40544040745522175,0.7275751980652956
0.003164659106124359,1.0,0.5499075870619123,0.11277857984384947,0.31954342251665285,0.04973501387965049,0.08776113327247503,0.4937231330415245
0.010195225849760434,1.0,0.6830395898331466,0.8044797601808527,0.3929236388520422,0.22410441158830438,0.40881405961984213,0.9386250303680979
0.005577286606743468,1.0,0.20516518210548235,0.5396351286633195,0.6548997599295018,0.2472795995058947,0.21528987540186634,0.4734248158529384
0.006550047043777317,1.0,0.9037919352394721,0.42635012305162034,0.5598808149470184,0.296045642621843,0.7483056100618637,0.4601589314413131
0.007623690884795154,1.0,0.6024472578733278,0.17404353861259372,0.5792487398094552,0.7567281461450085,0.8165175413908295,0.9231084087289299
0.019191467467507398,1.0,0.011843154385371321,0.415426666453665,0.8374972449215161,0.8597155951185161,0.05528737884346899,0.740253672083137
0.009002480831349947,1.0,0.3720908343713601,0.2472844274018897,0.5747607035340825,0.41290730743163523,0.5835215063208791,0.9865070573352434
0.008447337553517464,1.0,0.3764002504581718,0.2186255517327815,0.6886777918144351,0.23041771981282236,0.6300482291909693,0.8382132420067635
0.008810621435836689,1.0,0.8892295911793291,0.7820076519620054,0.9015843493101805,0.6376071383690345,0.044492565110235305,0.8962361019045318
0.00214557622160388,1.0,0.983378501411823,0.4979006610644227,0.9208047622082554,0.21674449326781461,0.6216316853101166,0.38811663963336
0.002144165761847232,1.0,0.8178534463880631,0.1165687914137123,0.8700183932378246,0.9026262625693433,0.04148573177127103,0.6482215276397753
0.00934586297730608,1.0,0.8206710571951535,0.9981034280262103,0.9367682593283179,0.48147284522568873,0.8884709050131391,0.7565482517813548
0.012889805848423433,1.0,0.7627496821346151,0.40981355744099723,0.9551804300546088,0.7146026979721328,0.8496140419840247,0.7660185277300441
0.008894466332341065,1.0,0.9944847382928812,0.4934013890210147,0.84427957997236,0.46564327919371956,0.8627803156449124,0.43431115805226733
0.014599507902356923,1.0,0.7769806702158051,0.354500553558117,0.8709481008011726,0.6619449662363112,0.19192800744988944,0.5838987889001815
0.011024030040942764,1.0,0.5868716964898443,0.3032491001877876,0.7468603337608407,0.31470656199094094,0.17101713940514984,0.4996648303334097
0.019266265551696617,1.0,0.44037351587183815,0.9852318004581301,0.42078295402550653,0.48265654526629315,0.11652099612672046,0.27308467466257585
0.014820058509827535,1.0,0.06303794133247513,0.003819598240305773,0.4068251824958582,0.38538627558630983,0.445567657978476,0.7145241034935887
0.008726568175304613,1.0,0.7350420381097339,0.4924101267665715,0.7383781068328311,0.601941407397182,0.13365194791567414,0.720549018179591
0.012862747545820858,1.0,0.5821103016434608,0.25439699438448893,0.37086976210851125,0.18981613797890814,0.14206376440641486,0.14185670385318463
0.002670744704878391,1.0,0.5931320713728145,0.11166192079107451,0.8362059447171889,0.2963096568063395,0.302338276898757,0.7983989176438745
0.008103239129226331,1.0,0.490140556115672,0.8893963623307671,0.7219389821465804,0.3218370677439621,0.27547282800753076,0.3225531650571375
0.020135370830732992,1.0,0.3635214311127424,0.7239351169602785,0.6601866259452321,0.5659028332648419,0.289942817828297,0.885025064595475
0.019921930195270793,1.0,0.6461130481055347,0.918335633786539,0.7001932033546797,0.6470465226565052,0.5952483339760274,0.9787769403046854
0.015412353683373438,1.0,0.2763440873708891,0.24784675626753022,0.9407108987907817,0.8596571213310868,0.7520802235432897,0.9011328818141185
0.015439032870398717,1.0,0.2877412928899351,0.14113958372386953,0.5305619915150802,0.2957628941481203,0.18277746241822293,0.4399633199851607
0.012045794416408406,1.0,0.4405022378642383,0.4187123604156467,0.2633378580776365,0.07769893126281556,0.7440909994672786,0.8898249650098146
0.004789860043737461,1.0,0.4073872600687141,0.08728563544137764,0.48601853232520864,0.23152749009203064,0.5192051590979191,0.7296205583933232
0.004449758502510744,1.0,0.9034241602235484,0.9511802914529985,0.8658612650776061,0.2627878674478677,0.33204146823422015,0.9968151504711235
0.010093826336601663,1.0,0.9071847408204671,0.3676746734342461,0.6904655087036151,0.28216029130726733,0.3352530086002095,0.5682225985498147
0.006510052621432666,1.0,0.1831629315865962,0.21591303603387557,0.70426236617735,0.29017898383622903,0.4798444018284331,0.9003125721011872
0.00205854410819193,1.0,0.6320724333311831,0.5345135288365502,0.8233728003178264,0.1730309507959049,0.2363667054734445,0.8358087434580078
0.01369589860858567,1.0,0.6864046925144451,0.4438896519198087,0.7070653145308254,0.7274509443761719,0.3462033680082732,0.9566638591157196
0.015371625797091299,1.0,0.0899956827960623,0.4877838222142667,0.9382166555394618,0.6439976195354044,0.1789527616928118,0.4790411659407553
0.011172618642839235,1.0,0.7080343778227373,0.8393593850063773,0.8143104444518368,0.37494044998063913,0.662888963580932,0.6692634359277325
0.009666991424320131,1.0,0.6118783774008125,0.32185129240444244,0.6907645762097802,0.4420126510126877,0.45492473118086796,0.7005924945338423
0.00846824889594577,1.0,0.2799670552238086,0.07181445907796599,0.34186598098958065,0.2838699256364542,0.7127710934234756,0.6627906694202433
0.01634918896585201,1.0,0.2059261365303549,0.10322939820097454,0.6048908504972282,0.3504056142998953,0.6005798069477022,0.735968944210166
0.0094969984728288,1.0,0.7249422059528361,0.373582835143395,0.3148727198017373,0.4411232258983494,0.0877775167297232,0.7439528692194342
0.007755173076290543,1.0,0.7221317439062486,0.2656335155230923,0.4429327504679207,0.5067416058159494,0.9361960823566231,0.8280281307347399
0.008552366131610086,1.0,0.9307247495212488,0.7849130402881188,0.34867668916082684,0.04703761949993407,0.08404415752598103,0.35534142329894547
0.010147651987620143,1.0,0.5128393153998081,0.15008391549017244,0.9228639418247245,0.36490500291311845,0.5551651966210835,0.5113677273783511
0.011979084146745016,1.0,0.22576458398361174,0.1174040826042345,0.42802434639337517,0.47930939287949154,0.017417164380771823,0.09063305252490117
0.006245113453015694,1.0,0.3110746454768784,0.7149086968849412,0.8860922675061625,0.46199375810999804,0.16038167264934677,0.6987605134394718
0.01504332930838331,1.0,0.7277696084301624,0.7189904960651506,0.7436496644017503,0.7395785535118605,0.5027476131786071,0.8250095542439161
0.011473459911345817,1.0,0.4807419028769796,0.337201184319799,0.7630937389838858,0.298910192115308,0.5349111897452182,0.8309296310785852
0.015386600498309796,1.0,0.2805922983171264,0.28203687962193075,0.8598930838442189,0.6557248177088406,0.5535216092609027,0.4380086783431744
0.013503512975588994,1.0,0.9878628293774426,0.6001009395024939,0.26141662970615187,0.13335054890888529,0.6316605526900981,0.8786223860091077
0.009326157139650466,1.0,0.946670455460943,0.5889083518838439,0.32443551046681246,0.05364014892748371,0.9401346242314688,0.770278270218349
0.003905182526060063,1.0,0.7546111544106588,0.369311029663579,0.810951761122594,0.4114199980085368,0.37321761239033446,0.5525571223549266
0.002621171406610983,1.0,0.2993349883029669,0.04687697789781643,0.46929237946385655,0.41780349686299983,0.6016799460235265,0.8750227296951758
0.008637959026931822,1.0,0.3513467216962471,0.1639313819922534,0.46826157995665607,0.3221882409503033,0.12992875596387465,0.9115206787868128
0.002976025222287157,1.0,0.7364634350612375,0.9562649058151299,0.5656210403295684,0.1361437709691426,0.02420248058681715,0.9715388639330392
0.013989298916794922,1.0,0.7391274248941381,0.9061835631429135,0.8110857887456548,0.9948866930328925,0.05631300007663302,0.3353156395781641
0.016656916808980522,1.0,0.3272567519656536,0.32543585276367165,0.2854049765623168,0.3941301744071708,0.22434604952705203,0.8788773861858273
0.015198733780034116,1.0,0.34497976268724356,0.5010509822313836,0.7846421545382705,0.39300572273961465,0.584886114834478,0.6993793867497046
0.013602828191750418,1.0,0.6674354433912868,0.5219542391911891,0.4041687497146471,0.3632892927730877,0.04716674316688303,0.8582801806979312
0.008604271304460068,1.0,0.7825139030082431,0.29835841835792465,0.4478300700244979,0.45081212785928537,0.2625190193819274,0.5294958789107193
0.01815598082837517,1.0,0.31389001154250973,0.4942927057175157,0.8028285947640331,0.7276984808544641,0.23270844688178585,0.6603345398796878
0.01618091367058065,1.0,0.20764225129854907,0.21685283072825737,0.762882043923749,0.6143928850198036,0.12986920378236766,0.9858727503026498
0.011416445222639408,1.0,0.4499305083108614,0.2895055452831336,0.958753545079805,0.49510848365791305,0.18804552164474905,0.7840889555899176
0.016516782503798993,1.0,0.4249038627188069,0.4331249530135116,0.7102321212456026,0.7257261562017194,0.09423688487712388,0.5322456552625001
0.019497403262702006,1.0,0.3497263717613216,0.8647906588565464,0.9284452074849463,0.932092568645961,0.1433030672910987,0.4915465717982079
0.01952662644334465,1.0,0.3016858823441996,0.8117353846829756,0.2876752238902752,0.17560727712485,0.026975624026841637,0.13414420779110456
0.011793497154072824,1.0,0.4473965056882868,0.25651388851549006,0.9167577695982178,0.2979588901307888,0.3647746886193028,0.5415798855887975
0.016764929983245223,1.0,0.9070169224692047,0.7040045399449769,0.23212272482705593,0.21595147478287838,0.3072532810913361,0.9648379153768416
0.012105646491096498,1.0,0.8929097851575025,0.5939941784233519,0.7240100772384619,0.4444291808014485,0.712412740583565,0.4438396445484039
0.010173684773932924,1.0,0.890117002227961,0.3787131470483728,0.40814072260564094,0.3187769974105055,0.3858256846327161,0.9798658419821488
0.0014018888046301449,1.0,0.9451034662962878,0.21317489212841714,0.28017843385095376,0.7367026536747011,0.35117988717376303,0.9102306210497905
0.01237160998419665,1.0,0.9005085855229327,0.3115594204710751,0.534545906016843,0.2435627347263701,0.7106351314977108,0.9434694523006283
0.018132935987610274,1.0,0.6290915074757568,0.8805696290614937,0.18195613967906424,0.2701453847439052,0.1857278700967286,0.7263223890390508
0.001569648326504412,1.0,0.8623379829204693,0.1850407135175006,0.42498083291367855,0.2419505544272758,0.9659677567275691,0.47650148487115546
0.0107466845001878,1.0,0.4131786971191144,0.45016508827133167,0.55970002929138,0.2098654722758876,0.8423635964240641,0.6353019368790779
0.005153130129904698,1.0,0.6904704566451728,0.14333884599299138,0.4958391254709039,0.9193558624379364,0.07802567786744798,0.7445629449589342
0.016342744895554782,1.0,0.45295745474743526,0.3846401373165367,0.7523212780470817,0.5766584754021222,0.5597465230877122,0.6913156367254876
0.012495281453799613,1.0,0.6147856951552199,0.37470775940773654,0.5724500392935269,0.848616360053012,0.0868051441752413,0.7750302451366203
0.016351710359462125,1.0,0.5570920529381975,0.8582254061553726,0.17543855112383341,0.015939579031154335,0.16928368192397866,0.7204738529945317
0.017008695968783665,1.0,0.9834917895945964,0.9559739509908588,0.8024489005275794,0.73692683954437,0.013260198820537588,0.1298200485626784
0.0076566346306743815,1.0,0.91433961345039,0.5200825137060731,0.8696142502892846,0.38165357790078247,0.849850554866607,0.38842974526222285
0.001492660732643621,1.0,0.996196948944168,0.46848775016249805,0.4214076867005159,0.12532450667408593,0.8498879077359973,0.6362325917833125
0.02114523215288191,1.0,0.40355000756987086,0.5296982112168982,0.3329613233994921,0.27131500428531957,0.05930673220980734,0.22928352142507072
0.012353146870330196,1.0,0.23938169600034023,0.10917545552734191,0.691081914646157,0.3897903896904189,0.40842708959755325,0.5864224899009887
0.019927443618992114,1.0,0.4257073766458563,0.7681864222187773,0.750143946163494,0.9848437726181752,0.07828169659627023,0.9439625274000824
0.010752750781579445,1.0,0.4505453527640586,0.4073614024151681,0.9502428517908013,0.3921526394177178,0.07607424408804349,0.9721300341505092
0.018347125271231595,1.0,0.04479821882346191,0.1383985947434417,0.8618218272297568,0.7084688899178161,0.28002946730011335,0.973274975819541
0.009833691190163547,1.0,0.3318737655780231,0.6329112234669679,0.6462304805491731,0.23980816415999062,0.44217707221637215,0.4912042800408232
0.01756790157114056,1.0,0.10573448002951813,0.2672628763597366,0.5008608127135177,0.5123185797379419,0.16591780303354103,0.6559770764175382
0.003278782555871717,1.0,0.8752441136986921,0.14573959062098205,0.8783799774043118,0.8058398636758927,0.055067813025572364,0.3340108527342311
0.018949814306646218,1.0,0.254069155614762,0.9621271971542578,0.8598925472834358,0.7117716030389338,0.5917776587801701,0.6452737012647358
0.013184572227879065,1.0,0.10059735403787166,0.38201478605535505,0.861906221915144,0.5920153432719131,0.3459780164723996,0.8881107959785622
0.009410294448151616,1.0,0.9921071561359818,0.7562680435782037,0.8177750602961847,0.72724310083091,0.08811393071616469,0.33630824969619405
0.009599030943993718,1.0,0.6390283537889475,0.2747618499337581,0.6932829177365256,0.2474217190994313,0.11952636528571389,0.729035973817306
0.0038600871476364507,1.0,0.35588107022846244,0.12839958562035045,0.8706052061457022,0.6963741964161801,0.30587900577226723,0.6670437555583891
0.01816626680242009,1.0,0.06686828846172697,0.6780226497324775,0.7241087187656543,0.8187042719470317,0.030779055981758098,0.2943664227765302
0.018668397401351632,1.0,0.5756657976660884,0.9753353899518362,0.9801343121152751,0.9295348614293395,0.3533415852687012,0.5668712644679397
0.001681833446211107,1.0,0.4254998928434209,0.18111305625858085,0.6076356090405133,0.2504810152024957,0.20463970819206462,0.8245017327239222
0.0023261257732792315,1.0,0.9053198343246148,0.2803792510880411,0.4097764567290511,0.5310275673126698,0.5274002282857398,0.9068433427976429
0.006348821081192541,1.0,0.9639329135766799,0.5071003599062468,0.9018469277352885,0.8660000257322948,0.10386779456340471,0.16593768481003152
0.010860517478063825,1.0,0.37818687219527225,0.12358364994421504,0.6386887762090167,0.7593464087090342,0.31911439178780954,0.6642383062995816
0.013241087128473831,1.0,0.6715321790603619,0.4836984009706808,0.3722629083585861,0.11655229575445787,0.6193794299277053,0.4020773291102088
0.006334090278470732,1.0,0.5466974558268402,0.16686890260282422,0.8561831978450575,0.16508716905905138,0.386949359904908,0.8344786262718209
0.017933338774721367,1.0,0.6437530164773033,0.9379338756065431,0.36276578098533185,0.5908731083008607,0.06603406992448,0.6574489601935544
0.0028886747193190253,1.0,0.24906954432656805,0.8920922838415113,0.5002664756721944,0.0994429826929514,0.397950805503151,0.8029226503314666
0.009465371682106115,1.0,0.7153972488591372,0.542267770241036,0.6578418195144404,0.6941717376085318,0.09209654207499954,0.30162501079227344
0.01588969381676204,1.0,0.3225906211138803,0.24616707921960057,0.5181184589170971,0.8091282780755914,0.16003917579708185,0.33427829808086984
0.011958710959118136,1.0,0.3540388066807981,0.4304953189670981,0.9050780822148534,0.5281142872639677,0.31164309217852876,0.31210227103984994
0.003796179209698106,1.0,0.4988156765935996,0.5558600077503166,0.6000656395851846,0.15202621235568817,0.5559502183402143,0.8887653255025351
0.019592269016466424,1.0,0.22930054371024558,0.2764565423640292,0.991760347030728,0.736600636428454,0.039356391435488094,0.4003592189954701
0.003285482896195503,1.0,0.7762432709500177,0.7596858827957067,0.32111891767019657,0.008792938926783697,0.4231760819422331,0.832856426029389
0.007028959849304341,1.0,0.5165958386268328,0.9303499970993999,0.4639531010310765,0.19539698557296986,0.08365748274053122,0.5305994223628042
0.021119500956714127,1.0,0.20286655802759088,0.6778738026605833,0.5807206203987202,0.46842914080768727,0.509465955554445,0.817825510501313
0.012226467210778396,1.0,0.3839371848082248,0.6774617974949468,0.9062017738296619,0.5176614988439873,0.28120718526199895,0.6983201294833132
0.014399499736963584,1.0,0.5472047206844487,0.3225323740664286,0.9310801413807427,0.7531942196629776,0.5133941556766196,0.5202656914372644
0.010147247922248588,1.0,0.5847401897074502,0.25108557876898696,0.1862936943047006,0.8713358040075554,0.08172322265838798,0.7195895423236397
0.016849526282943363,1.0,0.16088162093908753,0.3296757295470607,0.4003663376025896,0.4611324362719669,0.08067054964491809,0.45692635295160955
0.003041729967553535,1.0,0.5038923929456013,0.5558001581817601,0.340002467767032,0.013542508557490772,0.13125802678489826,0.4290579594181507
0.011665626770050827,1.0,0.5875675126567619,0.5192673435045752,0.39646014332013374,0.07223785374165737,0.13676342390133955,0.9525101637403113
0.007289862220687763,1.0,0.1475891474362563,0.12003184464315049,0.7731027977426653,0.23016759885332363,0.404527794540207,0.7369061597048167
0.007775182588216812,1.0,0.4624268772587216,0.1174932179692736,0.9510275647355926,0.7417383231911334,0.7219733991012551,0.7079993815062436
0.009152203559187371,1.0,0.4193568814465974,0.1496524125220576,0.11815157652482347,0.0949609243957572,0.6357028017290851,0.9075018710021014
0.009080685279192681,1.0,0.9770365192050344,0.799219310629203,0.909718756189054,0.5546713910128654,0.4484291409961424,0.8492037556919865
0.019143435973488117,1.0,0.42313412256767924,0.4599491909681627,0.6320240363153787,0.4978352645168348,0.06206257332380122,0.031472182804158
0.006986712099913534,1.0,0.4257604471270379,0.653522306576383,0.3881209747122085,0.07109219990416968,0.044749010198187694,0.24023173685135327
0.01301637466694339,1.0,0.9373459162481882,0.7564364525845094,0.8377167839665515,0.43478664863236804,0.6888588163703739,0.8103872220773954
0.020204184227304967,1.0,0.3707809507952333,0.6195078025716312,0.5529075801983535,0.46355241542196557,0.16588099941762074,0.8200791347551538
0.020245771006715773,1.0,0.1101176809424673,0.81871743084278,0.30193124291243223,0.16404729402124654,0.3519065676986051,0.9559001370638442
0.01167733271689745,1.0,0.3323283265910844,0.12221736524036966,0.6999935544087941,0.9418240598965406,0.24722056797666456,0.9892594749273446
0.017261698705536756,1.0,0.4299987692817879,0.8590293292973509,0.20337220007200235,0.05115195065003514,0.24794174602923855,0.378968324763624
0.019005298925333272,1.0,0.5397813459085786,0.6477481482242367,0.34067360291155,0.3426887008225964,0.3582103158720218,0.8863342084563012
0.016771509766160125,1.0,0.49108805363199215,0.2604152186054614,0.9187731765057273,0.7845461477620191,0.1882318863998793,0.7982507041617694
0.014147833654165446,1.0,0.3297248396786984,0.6220984325072229,0.8242045771087567,0.402070383212978,0.3055086814044424,0.7569220858717699
0.009412603127508468,1.0,0.8818951771547048,0.6364388144827359,0.44443211577840763,0.27055334624572863,0.06313932968645838,0.603279143176824
0.012664223456666401,1.0,0.6328183070935837,0.5024505198879735,0.8898628776919748,0.34507545492722363,0.07836222670678536,0.8192048291758396
0.010372370703276408,1.0,0.3506714875961004,0.12400252403113414,0.8958625540275419,0.689082932399609,0.24108744393007242,0.5321632196895786
0.0026812261114280934,1.0,0.8146733890521531,0.25174833011538794,0.41929196920366135,0.5375261226702729,0.6259616284487501,0.8133614384457144
0.0023889904550471706,1.0,0.5851540191791118,0.20563049703778244,0.870847619744777,0.31207739714937033,0.24457846750513998,0.8851635214459974
0.006860896366760982,1.0,0.4780463116572665,0.12592394935289217,0.7627043556575979,0.4530018338520457,0.2219604870823686,0.03688440864534849
0.010946411065774507,1.0,0.9856700748317451,0.5106148014006895,0.5496033948802533,0.26346536627543893,0.4893098009740565,0.6263668909307725
0.006620422708975803,1.0,0.982443142252273,0.3263074739414768,0.8945665327165976,0.2801502561155,0.22682824145144967,0.9634500376997495
0.018142195138515973,1.0,0.39602583729554314,0.8817228259459449,0.3658545640274371,0.25637702791280265,0.2744897690627066,0.9188438497329552
0.019616026176499112,1.0,0.21332997379285995,0.9391907092446664,0.6280280756818533,0.5481439630570432,0.12167482095241,0.7538611571251933
0.001407988257634756,1.0,0.7611498469039347,0.10698122711875027,0.7301138526638343,0.25110941081297994,0.12553546128620044,0.8039369767803954
0.010207467715048112,1.0,0.9048185645606992,0.5510657890198583,0.849936912694926,0.6534444987894743,0.7961031259471358,0.9222170740182802
0.007645696989290719,1.0,0.5389384242583262,0.7752082393352249,0.8483279414382064,0.2915440732993442,0.051497051791312434,0.2387007961490172
0.014183894296324367,1.0,0.9683095942143425,0.7710547888558655,0.39579239389628873,0.8482189227173594,0.021387210441652243,0.825956518618488
0.015136805445366122,1.0,0.4598310407187366,0.9774692006844049,0.7699448674225983,0.7785758748819277,0.27272671781976854,0.9688739677593722
0.01678693374296175,1.0,0.4621133973574619,0.5673891527233692,0.905012039750282,0.8511315932459932,0.6713411353228679,0.7628794643545678
0.01158457133579556,1.0,0.9238450367179253,0.6912166510460414,0.25507969964398647,0.026089597589644697,0.30598763473182483,0.40298502045292867
0.005147327828398058,1.0,0.5926447561522962,0.3931383791267983,0.9638851113267098,0.2882870070771182,0.2252100151169174,0.3614799823039354
0.006263733996976038,1.0,0.7749707221161023,0.526701224251154,0.5127983241315928,0.23553341142064962,0.16557139547946065,0.48328119764371213
0.0038967036204767195,1.0,0.865009333436723,0.542051810900106,0.75984096263623,0.16285049071892363,0.10254613640385168,0.8460011299029381
